Epitope number	Gene	Epitope	Genomic start position	Genomic end position	Number of mutations (L1)	Number of polymorphic positions (L1)	Number of mutations (L3)	Number of polymorphic positions (L3)
294	Rv0288	MYNYPAMLG	351860	351886	28	5	0	0
110	Rv0288	IMYNYPAML	351857	351883	26	4	0	0
286	Rv0288	AMLGHAGDM	351875	351901	16	3	0	0
363	Rv2029c	VVRPTEKMRCGAPRYDPGGG	2276275	2276334	7	6	0	0
313	Rv2029c	ALLGDAGVPFRVIPIAASTR	2276125	2276184	6	5	0	0
321	Rv2029c	GAPRYDPGGGGINVARIVHV	2276245	2276304	6	5	0	0
163	Rv3804c	MQLVDRVRGAVTGMSRRLVV	4266599	4266658	5	5	1	1
289	Rv0288	HAMSSTHEA	352055	352081	5	3	1	1
10	Rv3874	AEMKTDAATLA	4352277	4352309	4	4	0	0
154	Rv3874	MAEMKTDAATLAQEAGNFER	4352274	4352333	4	4	0	0
160	Rv1908c	MLATDLSLRV	2154954	2154983	4	2	0	0
164	Rv3875	MTEQQWNFAGIEAAASAIQG	4352609	4352668	4	3	2	2
292	Rv0288	MLGHAGDMA	351878	351904	4	2	0	0
322	Rv2029c	GGLQHISSGVFLLKASVREL	2275825	2275884	4	3	0	0
351	Rv2029c	RVIPIAASTRESFTVNESRT	2276095	2276154	4	3	0	0
425	Rv3763	GTATGVDMA	4209446	4209472	4	4	0	0
492	Rv2029c	ISSGVFLLK	2275843	2275869	4	3	0	0
9	Rv3874	AEMKTDAATL	4352277	4352306	3	3	0	0
15	Rv1694	ALEAFAIAVA	1918156	1918185	3	3	1	1
74	Rv3804c	GAQLNAMKPDLQRALGATPN	4265669	4265728	3	3	1	1
76	Rv1980c	GELLPEAAGPTQVLVPRSAI	2223361	2223420	3	3	0	0
77	Rv1980c	GELSKQTGQQVSIAPNAGLD	2223481	2223540	3	3	0	0
113	Rv1980c	IPPRGTQAVVLKVYQNAGGT	2223661	2223720	3	3	0	0
176	Rv1980c	PLPVVFPIVQGELSKQTGQQ	2223511	2223570	3	3	0	0
219	Rv0288	THEANTMAM	352070	352096	3	1	1	1
224	Rv1980c	TQVLVPRSAIDSMLA	2223346	2223390	3	3	0	0
231	Rv0005	VLLEDGGVEV	5441	5470	3	3	0	0
299	Rv0222	LPAERAHEL	266014	266040	3	2	0	0
305	Rv3875	IHSLLDEGKQSLTKL	4352681	4352725	3	3	0	0
310	Rv2029c	AGGSTGSLLMALLGDAGVPF	2276155	2276214	3	3	0	0
314	Rv1733c	ATMITFRLRLPCRTILRVFS	1960398	1960457	3	2	0	0
318	Rv2029c	EPEQLAAAHELIDRGRAEVV	2275735	2275794	3	3	1	1
320	Rv2029c	FLLKASVRELRECVGSELLT	2275795	2275854	3	2	1	1
330	Rv1733c	ITVPARWVVNGIERSGEVNA	1960098	1960157	3	3	1	1
333	Rv2029c	LATRHASHRFSSIPMTAVSG	2275645	2275704	3	3	0	0
343	Rv2029c	PSLTVAEQEQCLDELRGAAA	2276005	2276064	3	2	1	1
354	Rv2029c	STPLILDTSGGGLQHISSGV	2275855	2275914	3	3	0	0
377	Rv2958c	AAPEPVARR	3311911	3311937	3	3	0	0
478	Rv2937	YIVGFCLLV	3273707	3273733	3	2	0	0
1	Rv3296	MRFAQPSALSRFSALTRDWFTSTFAAPTAAQA	3676775	3676870	2	2	0	0
2	Rv1334	MLLRKGTVYVLVIRADLVNAMVAHA	1502641	1502715	2	2	0	0
8	Rv3874	AEMKTDAA	4352277	4352300	2	2	0	0
11	Rv1886c	AGGYKAADMWGPSSDPAWER	2135178	2135237	2	2	0	0
35	Rv1174c	AVINTTCNYGQ	1305873	1305905	2	2	0	0
39	Rv1886c	DIKVQFQSGGNNSPA	2135643	2135687	2	2	0	0
40	Rv1886c	DIKVQFQSGGNNSPAVYLLD	2135628	2135687	2	2	0	0
47	Rv3804c	DSGTHSWEYWGAQLNAMKPD	4265699	4265758	2	2	1	1
55	Rv3874	EMKTDAATL	4352280	4352306	2	2	0	0
58	Rv3804c	ETFLTSELPGWLQANRHVKP	4266179	4266238	2	2	0	0
59	Rv3804c	FEWYDQSGLSVVMPVGGQSS	4266299	4266358	2	2	1	1
81	Rv0930	GIVSGILLSI	1037641	1037670	2	1	0	0
84	Rv3227	GLAGTVLRFV	3603653	3603682	2	2	0	0
101	Rv1886c	GPSSDPAWERNDPTQQIPKL	2135148	2135207	2	2	0	0
133	Rv3875	LLDEGKQSL	4352690	4352716	2	2	0	0
166	Rv1886c	NAVFNFPPNGTHSWEYWGAQ	2134938	2134997	2	2	0	0
184	Rv1886c	QQFIYAGSLSALLDPSQGMG	2135268	2135327	2	2	1	1
188	Rv1980c	RDKFLSAATSSTPREAPYEL	2223751	2223810	2	2	2	2
198	Rv3689	RPKPDTETY	4130381	4130407	2	2	0	0
205	Rv1886c	SAMILAAYHPQQFIYAGSLS	2135298	2135357	2	2	0	0
206	Rv2031c	SEFAYGSFVRTVSLPVGADE	2278603	2278662	2	2	0	0
215	Rv2031c	SVAVSEGKPTEKHIQIRSTN	2278501	2278560	2	2	1	1
220	Rv1886c	THSWEYWGAQLNAMKGDLQS	2134908	2134967	2	2	0	0
222	Rv3803c	TLAGKGISVV	4265178	4265207	2	2	1	1
225	Rv3227	TVLRFVPPL	3603665	3603691	2	2	0	0
236	Rv3874	VQYSRADEEQQQALSSQMGF	4352514	4352573	2	2	0	0
256	Rv1886c	YWGAQLNAMKGDLQSSLGAG	2134893	2134952	2	2	0	0
257	Rv1886c	YYQSGLSIVMPVGGQSSFYS	2135508	2135567	2	2	0	0
258	Rv3875	QQWNFAGIEA	4352618	4352647	2	1	1	1
267	Rv3875	QWNFAGIEAA	4352621	4352650	2	1	1	1
296	Rv0288	TYQAWQAQW	351995	352021	2	2	1	1
304	Rv1967	VSNLRTGKL	2210742	2210768	2	2	0	0
312	Rv2029c	AKQYRFVLPGPSLTVAEQEQ	2276035	2276094	2	2	0	0
319	Rv2029c	ESFTVNESRTAKQYRFVLPG	2276065	2276124	2	2	0	0
336	Rv2029c	LIDRGRAEVVVVSLGSQGAL	2275705	2275764	2	2	1	1
338	Rv2029c	LPPGVAADYYQRVADICRRS	2275915	2275974	2	2	0	0
342	Rv1733c	PCRTILRVFSRNPLVRGTDR	1960368	1960427	2	1	0	0
345	Rv2029c	QRVADICRRSSTPLILDTSG	2275885	2275944	2	2	0	0
346	Rv2029c	RECVGSELLTEPEQLAAAHE	2275765	2275824	2	2	2	2
347	Rv2029c	RFFELAAEPTEVGQDQYVWH	2275435	2275494	2	2	0	0
353	Rv2029c	SSIPMTAVSGVGAGDAMVAA	2275615	2275674	2	2	0	0
356	Rv1733c	TATSAPPRTKITVPARWVVN	1960128	1960187	2	2	0	0
368	Rv3763	KITGTATGV	4209437	4209463	2	2	0	0
393	Rv3804c	GLSVVMPVGGQSSFYSDWY	4266281	4266337	2	2	1	1
394	Rv3804c	GLSVVMPVGGQSSFYSDWYQPAC	4266269	4266337	2	2	1	1
398	Rv3804c	LTSELPGWLQANRHVKPTGSAVV	4266161	4266229	2	2	0	0
404	Rv1174c	AAPPPQRAA	1305756	1305782	2	2	0	0
413	Rv1174c	APPPQRAAM	1305753	1305779	2	2	0	0
419	Rv3763	DMANPMSPV	4209464	4209490	2	2	0	0
430	Rv1174c	LAAPPPQRA	1305759	1305785	2	2	0	0
450	Rv3763	VGLGNVNGV	4209344	4209370	2	1	0	0
451	Rv3763	VTGSVVCTT	4209227	4209253	2	2	0	0
487	Rv1860	PGTRINQETVSLDANGVSGS	2108336	2108395	2	2	1	1
493	Rv2389c	KTQGPGAWPK	2683353	2683382	2	2	0	0
501	Rv3914	VSIPTLILFK	4402963	4402992	2	2	1	1
509	Rv1886c	SMGRDIKVQFQSGGN	2135655	2135699	2	2	0	0
518	Rv2629	AADPEVVFV	2956334	2956360	2	2	0	0
3	Rv0287	AAHARFVAA	351681	351707	1	1	0	0
12	Rv2940c	AIAWGAWGEV	3276884	3276913	1	1	0	0
20	Rv3875	AMASTEGNV	4352852	4352878	1	1	0	0
22	Rv0129c	AMKADIQHV	156626	156652	1	1	0	0
24	Rv1484	AMPAYNWMTV	1674661	1674690	1	1	0	0
26	Rv1886c	ANRAVKPTGSAAIGLSMAGS	2135358	2135417	1	1	1	1
29	Rv1174c	ASPVAQSYL	1305795	1305821	1	1	0	0
33	Rv3763	AVAGAAILV	4209068	4209094	1	1	0	0
36	Rv1886c	AYHPQQFIY	2135313	2135339	1	1	0	0
37	Rv1886c	CGNGTPNELGGANIPAEFLE	2135058	2135117	1	1	0	0
44	Rv3804c	DMWGPKEDPAWQRNDPLLNV	4265939	4265998	1	1	0	0
51	Rv3874	EISTNIRQAGVQYSRADEEQ	4352484	4352543	1	1	0	0
53	Rv1886c	ELPQWLSANR	2135409	2135438	1	1	0	0
57	Rv2903c	EPYLDPATM	3213228	3213254	1	1	0	0
60	Rv1886c	FIYAGSLSA	2135295	2135321	1	1	0	0
61	Rv1886c	FIYAGSLSAL	2135292	2135321	1	1	0	0
63	Rv2501c	FLLADERVRV	2815576	2815605	1	1	0	0
64	Rv0934	FLLPDAQSI	1042931	1042957	1	1	0	0
67	Rv3082c	FMSLAGFVRM	3448262	3448291	1	1	0	0
68	Rv3804c	FSGWDINTPAFEWYDQSGLS	4266329	4266388	1	1	1	1
70	Rv0930	FVVALIPLV	1037119	1037145	1	1	0	0
72	Rv2031c	GADEDDIKA	2278588	2278614	1	1	0	0
73	Rv1886c	GANIPAEFLENFVRSSNLKF	2135028	2135087	1	1	0	0
82	Rv3804c	GKAGCQTYKWETFLTSELPG	4266209	4266268	1	1	0	0
83	Rv3804c	GKLIANNTRVWVYCGNGKPS	4265879	4265938	1	1	0	0
95	Rv0005	GLVDFVKHI	6005	6031	1	1	0	0
103	Rv1980c	GTDTGQACQIQMSDPAYNIN	2223871	2223930	1	1	1	1
106	Rv2780	ILFTFLHLA	3087087	3087113	1	1	1	1
109	Rv2031c	ILTVSVAVSEGKPTEKHIQI	2278513	2278572	1	1	1	1
111	Rv1886c	IPAEFLENF	2135052	2135078	1	1	0	0
112	Rv1886c	IPKLVANNT	2135133	2135159	1	1	0	0
114	Rv1461	IPRDEVRVM	1647958	1647984	1	1	0	0
115	Rv3874	IRQAGVQYSR	4352499	4352528	1	1	0	0
117	Rv1980c	ISLPSYYPDQKSLENYIAQT	2223811	2223870	1	1	2	2
118	Rv2029c	ITVGLSRGWSLIKSVRLGNA	2275555	2275614	1	1	0	0
119	Rv1886c	IYAGSLSAL	2135292	2135318	1	1	0	0
123	Rv2940c	KLTADGVLTA	3277580	3277609	1	1	0	0
126	Rv3874	LAQEAGNFERISGDLKTQID	4352304	4352363	1	1	0	0
131	Rv2940c	LLATVFKLTA	3277598	3277627	1	1	0	0
143	Rv0125	LLSVLAAVGL	151187	151216	1	1	0	0
145	Rv1886c	LMIGTAAAV	2135799	2135825	1	1	0	0
146	Rv1886c	LMIGTAAAVV	2135796	2135825	1	1	0	0
150	Rv3804c	LQRALGATPNTGPAPQGA	4265645	4265698	1	1	0	0
151	Rv2031c	LRPTFDTRLMRLEDEMKEGR	2278783	2278842	1	1	0	0
152	Rv1886c	LTSELPQWLSANRAVKPTGS	2135388	2135447	1	1	0	0
153	Rv1694	LVVADLSFI	1918387	1918413	1	1	0	0
156	Rv2031c	MATTLPVQRHPRSLFPEFSE	2278873	2278932	1	1	0	0
157	Rv3804c	MGDAGGYKASDMWGPKEDPA	4265969	4266028	1	1	0	0
161	Rv2351c	MLGNAPSVV	2630622	2630648	1	1		
165	Rv0667	MTYAAPLFV	760167	760193	1	1	0	0
167	Rv1980c	NDGVIFFFNPGELLPEAAGP	2223391	2223450	1	1	0	0
168	Rv1886c	NDPTQQIPKLVANNT	2135133	2135177	1	1	0	0
170	Rv3874	NIRQAGVQY	4352496	4352522	1	1	0	0
171	Rv3875	NLARTISEAGQAMASTEGNV	4352819	4352878	1	1	0	0
173	Rv1886c	NNSPAVYLLDGLRAQDDYNG	2135598	2135657	1	1	0	0
178	Rv1886c	PSLIGLAMGDAGGYKAADMW	2135208	2135267	1	1	0	0
179	Rv1886c	PVGGQSSFYSDWYSPACGKA	2135478	2135537	1	1	0	0
180	Rv1886c	QDAYNAAGGHNAVFNFPPNG	2134968	2135027	1	1	0	0
181	Rv1886c	QIPKLVANNTRLWVY	2135118	2135162	1	1	0	0
183	Rv1980c	QMSDPAYNINISLPSYYPDQ	2223841	2223900	1	1	2	2
190	Rv2031c	RLEDEMKEGRYEVRAELPGV	2278753	2278812	1	1	0	0
191	Rv1886c	RLMIGTAAA	2135802	2135828	1	1	0	0
195	Rv0350	RMPAVTDLV	420786	420812	1	1	0	0
196	Rv0930	RMSRVTTFTV	1037359	1037388	1	1	1	1
199	Rv3378c	RPKPDYSAM	3792463	3792489	1	1	0	0
204	Rv2031c	RTEQKDFDGRSEFAYGSFVR	2278633	2278692	1	1	0	0
208	Rv3082c	SLAGFVRML	3448259	3448285	1	1	0	0
226	Rv2031c	TVSLPVGADEDDIKATYDKG	2278573	2278632	1	1	0	0
234	Rv3763	VLTDGNPPEV	4209308	4209337	1	1	0	0
237	Rv3804c	VVMPVGGQSSFYSDWYQPAC	4266269	4266328	1	1	0	0
238	Rv1886c	WDINTPAFEWYYQSGLSIVM	2135538	2135597	1	1	0	0
239	Rv2940c	WLLIDTSNA	3279059	3279085	1	1	0	0
240	Rv0125	WLLSVLAAV	151184	151210	1	1	0	0
241	Rv3804c	WLQANRHVKPTGSAVVGLSM	4266149	4266208	1	1	0	0
242	Rv0668	WMAETTLGRV	765353	765382	1	1	0	0
245	Rv3804c	WVYCGNGKPSDLGGNNLPAK	4265849	4265908	1	1	0	0
246	Rv1886c	WYYQSGLSI	2135544	2135570	1	1	0	0
254	Rv3875	YQGVQQKWDATATELNNALQ	4352759	4352818	1	1	0	0
260	Rv1886c	GLAGGAATA	2135754	2135780	1	1	1	1
261	Rv3839	LLYDGSFAV	4312888	4312914	1	1	1	1
263	Rv0440	GTFKSVAVK	529406	529432	1	1	0	0
264	Rv3296	FMYEGDTPL	3679358	3679384	1	1	1	1
265	Rv3875	AYQGVQQKW	4352756	4352782	1	1	0	0
266	Rv3874	QQALSSQMGF	4352544	4352573	1	1	0	0
269	Rv3874	QYSRADEEQQ	4352517	4352546	1	1	0	0
271	Rv1984c	AVADHVAAV	2228136	2228162	1	1	0	0
274	Rv2006	AMAGSIDLL	2255710	2255736	1	1	0	0
276	Rv3298c	HLDDVGFLV	3682671	3682697	1	1	0	0
281	Rv2531c	WLYPGAQNL	2857545	2857571	1	1	0	0
284	Rv1966	YVYPDNLPV	2210317	2210343	1	1	0	0
285	Rv0288	AMEDLVRAY	352028	352054	1	1	0	0
290	Rv0288	LVRAYHAMS	352040	352066	1	1	0	0
295	Rv0288	QAMEDLVRA	352025	352051	1	1	0	0
298	Rv3101c	LMVVRALFL	3469939	3469965	1	1	1	1
300	Rv1253	PMADIAAAL	1401233	1401259	1	1	0	0
301	Rv1563c	QLAPGLQLI	1768218	1768244	1	1	0	0
303	Rv2761c	RLASCRDAL	3071594	3071620	1	1	0	0
306	Rv1410c	TLAPQVEPL	1586213	1586239	1	1	0	0
315	Rv2031c	AYGSFVRTV	2278627	2278653	1	1	0	0
317	Rv2029c	ELAAEPTEV	2275459	2275485	1	1	0	0
323	Rv1733c	GIERSGEVNAKPGTKSGDRV	1960068	1960127	1	1	2	2
327	Rv2031c	GSFVRTVSL	2278621	2278647	1	1	0	0
329	Rv1733c	IRVRNASWQHDIDSLFCTQR	1959858	1959917	1	1	0	0
337	Rv2029c	LIKSVRLGNAAGAAMLLTPG	2275525	2275584	1	1	1	1
339	Rv1733c	MIATTRDREGATMITFRLRL	1960428	1960487	1	1	1	1
340	Rv2029c	MTEPAAWDEGKPRIITLTMN	2276365	2276424	1	1	0	0
341	Rv2029c	PALDITTSVDVVRPTEKMRC	2276305	2276364	1	1	1	1
344	Rv1733c	QAQTRHPAT	1960230	1960256	1	1	1	1
349	Rv1733c	RSHVYAHQAQTRHPATATVI	1960218	1960277	1	1	2	2
352	Rv2029c	SAAFVVASGSLPPGVAADYY	2275945	2276004	1	1	0	0
355	Rv2029c	TAACNRDDVERFFELAAEPT	2275465	2275524	1	1	0	0
358	Rv2029c	TEVGQDQYVWHPIVNPEASP	2275408	2275467	1	1	0	0
359	Rv1733c	TRHPATATV	1960221	1960247	1	1	2	2
360	Rv1733c	TRHPATATVIDHEGVIDSNT	1960188	1960247	1	1	2	2
364	Rv2029c	VVSLGSQGALLATRHASHRF	2275675	2275734	1	1	1	1
366	Rv3763	GLTVAVAGA	4209056	4209082	1	1	0	0
367	Rv3763	ILVAGLSGC	4209086	4209112	1	1	0	0
373	Rv3804c	KPTGSAVV	4266161	4266184	1	1	0	0
374	Rv1886c	YQSGLSIVM	2135538	2135564	1	1	0	0
378	Rv2958c	ALADLPVTV	3311113	3311139	1	1	0	0
380	Rv2957	IVLVRRWPK	3310214	3310240	1	1	0	0
382	Rv0447c	KYIFPGGLL	535491	535517	1	1	0	0
383	Rv1886c	LPQWLSANR	2135409	2135435	1	1	0	0
395	Rv3875	GSGSEAYQGVQQKWD	4352741	4352785	1	1	0	0
396	Rv3804c	KAGCQTYKWETFLTSELPGWLQANRHV	4266185	4266265	1	1	0	0
397	Rv3804c	LQANRHVKPTGSAVVGLSM	4266149	4266205	1	1	0	0
399	Rv3804c	PDSGTHSWEYWGAQLNAMK	4265705	4265761	1	1	1	1
405	Rv1174c	AAQFNASPV	1305810	1305836	1	1	0	0
411	Rv1860	APAPAGEVA	2108642	2108668	1	1	2	2
414	Rv1860	APPVPTTAA	2107865	2107891	1	1	0	0
416	Rv1174c	AQFNASPVA	1305807	1305833	1	1	0	0
417	Rv1174c	AQLQAVPGA	1305723	1305749	1	1	0	0
420	Rv1174c	GAAQYIGLV	1305702	1305728	1	1	0	0
421	Rv3763	GAASGPKVV	4209179	4209205	1	1	0	0
427	Rv1860	GWVESDAAH	2108114	2108140	1	1	0	0
428	Rv3763	GYTSGTGQG	4209377	4209403	1	1	1	1
432	Rv3763	LTDGNPPEV	4209311	4209337	1	1	0	0
438	Rv1174c	PPQRAAMAA	1305747	1305773	1	1	0	0
440	Rv1174c	QRAAMAAQL	1305741	1305767	1	1	0	0
447	Rv1860	TPVAPPPPA	2107931	2107957	1	1	0	0
454	Rv1174c	YLRNFLAAP	1305774	1305800	1	1	0	0
460	Rv0015c	ALLWAAGVL	17722	17748	1	1	0	0
474	Rv2686c	ALGMLIAGL	3003472	3003498	1	1	0	0
475	Rv2686c	GLVAGLSAV	3003562	3003588	1	1	0	0
476	Rv2686c	MLIAGLPCL	3003463	3003489	1	1	0	0
477	Rv2937	TLTWLFAFV	3274001	3274027	1	1	0	0
479	Rv1926c	AAYPITGKL	2179326	2179352	1	1	0	0
480	Rv1926c	AIATFAAPV	2179359	2179385	1	1	0	0
481	Rv1926c	AIRGSVTPAV	2179158	2179187	1	1	0	0
483	Rv1926c	ATFAAPVAL	2179353	2179379	1	1	0	0
484	Rv1926c	QVWEATATV	2179191	2179217	1	1	0	0
497	Rv3130c	TTLDAGFLK	3496328	3496354	1	1	0	0
503	Rv1569	VVMTTTLSK	1777392	1777418	1	1	0	0
506	Rv3804c	LSVVMPVGGQSSFYS	4266290	4266334	1	1	0	0
507	Rv3804c	LTSELPGWLQANRHV	4266185	4266229	1	1	0	0
508	Rv3804c	PAFEWYDQSGLSVVM	4266320	4266364	1	1	1	1
510	Rv0287	AAAASTYTGF	351786	351815	1	1	0	0
512	Rv3874	EEQQQALSSQMGF	4352535	4352573	1	1	0	0
514	Rv0667	EKDNTVGTDEALLDIY	760575	760622	1	1	1	1
515	Rv3875	SEAYQGVQQKW	4352750	4352782	1	1	0	0
516	Rv0667	TLEKDNTVGTDEALLDIY	760569	760622	1	1	1	1
519	Rv2629	GLAEVCAAL	2956586	2956612	1	1	0	0
522	Rv3006	VMQGCLEST	3364913	3364939	1	1	0	0
526	Rv2626c	GLDPNTATA	2952784	2952810	1	1	0	0
531	Rv2628	WHPRKVQSA	2955181	2955207	1	1	1	1
535	Rv2524c	GIETELATL	2849138	2849164	1	1	0	0
4	Rv1886c	AAIGLSMAGSSAMILAAYHP	2135328	2135387	0	0	1	1
5	Rv3874	AANKQKQELDEISTNIRQAG	4352454	4352513	0	0	1	1
6	Rv3804c	AASSALTLAIYHPQQFVYAG	4266089	4266148	0	0	0	0
7	Rv3874	AAVVRFQEAANKQK	4352430	4352471	0	0	2	2
13	Rv3875	AIQGNVTSI	4352657	4352683	0	0	0	0
14	Rv3804c	AIYHPQQFV	4266098	4266124	0	0	0	0
16	Rv1886c	ALLDPSQGMGPSLIGLAMGD	2135238	2135297	0	0	1	1
17	Rv1484	ALLSDWLPA	1674931	1674957	0	0	0	0
18	Rv3804c	ALYLLDGLRA	4266398	4266427	0	0	0	0
19	Rv2715	AMALLRLPLV	3028569	3028598	0	0	1	1
21	Rv3804c	AMGPTLIGLAMGDAGGYKAS	4265999	4266058	0	0	0	0
23	Rv0440	AMLQDMAIL	529460	529486	0	0	0	0
25	Rv3804c	AMSGLLDPSQAMGPTLIGLA	4266029	4266088	0	0	0	0
27	Rv3874	AQAAVVRFQEAANKQKQELD	4352424	4352483	0	0	2	2
28	Rv3018c	AQLLTEFAI	3377458	3377484	0	0	0	0
30	Rv3875	ATATELNNA	4352786	4352812	0	0	0	0
31	Rv0440	ATVLAQALVREGLRN	528878	528922	0	0	0	0
32	Rv2031c	ATYDKGILTV	2278561	2278590	0	0	0	0
34	Rv2780	AVHDTLFYCV	3087684	3087713	0	0	0	0
38	Rv2031c	DDIKATYDKGILTVSVAVSE	2278543	2278602	0	0	1	1
41	Rv3804c	DLGGNNLPAKFLEGFVRTSN	4265819	4265878	0	0	0	0
42	Rv3846	DMWEHAFYL	4321181	4321207	0	0	0	0
43	Rv3846	DMWEHAFYLQ	4321181	4321210	0	0	0	0
45	Rv2031c	DPDKDVDIMVRDGQLTIKAE	2278693	2278752	0	0	0	0
46	Rv3874	DQVESTAGSLQGQWRGAA	4352361	4352414	0	0	0	0
48	Rv1886c	DWYSPACGKAGCQTYKWETF	2135448	2135507	0	0	0	0
49	Rv3812	EFQTVSNQL	4276751	4276777	0	0	0	0
50	Rv3874	EISTNIRQA	4352484	4352510	0	0	0	0
52	Rv3875	ELNNALQNL	4352798	4352824	0	0	0	0
54	Rv2031c	EMKEGRYEV	2278774	2278800	0	0	0	0
56	Rv1886c	ENFVRSSNL	2135034	2135060	0	0	0	0
62	Rv3804c	FLEGFVRTSNIKFQDAYNAG	4265789	4265848	0	0	0	0
65	Rv2940c	FLTCDANLAV	3278141	3278170	0	0	0	0
66	Rv1886c	FLTSELPQW	2135424	2135450	0	0	0	0
69	Rv1886c	FVRSSNLKF	2135028	2135054	0	0	0	0
71	Rv3804c	FYSDWYQPACGKAGCQTYKW	4266239	4266298	0	0	0	0
75	Rv1886c	GCQTYKWETFLTSELPQWLS	2135418	2135477	0	0	0	0
78	Rv3804c	GGHNGVFDFPDSGTHSWEYW	4265729	4265788	0	0	0	0
79	Rv2031c	GILTVSVAV	2278549	2278575	0	0	0	0
80	Rv0125	GIVIDPNGVV	151388	151417	0	0	0	0
85	Rv0440	GLFLTTEAV	530132	530158	0	0	0	0
86	Rv0440	GLFLTTEAVV	530132	530161	0	0	0	0
87	Rv2940c	GLGGLGLFFA	3277373	3277402	0	0	0	0
88	Rv0341	GLIDIAPHQI	409458	409487	0	0	0	0
89	Rv0341	GLIDIAPHQISS	409458	409493	0	0	0	0
90	Rv0341	GLIDIAPHQISSV	409458	409496	0	0	0	0
91	Rv2220	GLLHHAPSL	2488536	2488562	0	0	0	0
92	Rv0930	GLMTAVYLV	1037317	1037343	0	0	0	0
93	Rv1886c	GLRAQDDYNGWDINTPAFEW	2135568	2135627	0	0	0	0
94	Rv2780	GLSTHEGALL	3087843	3087872	0	0	0	0
96	Rv3082c	GLYLSQIAV	3447509	3447535	0	0	0	0
97	Rv2501c	GLYRQWALA	2815465	2815491	0	0	0	0
98	Rv0668	GLYYLTTEV	765119	765145	0	0	0	0
99	Rv1886c	GMGPSLIGL	2135250	2135276	0	0	0	0
100	Rv1886c	GPSLIGLAM	2135244	2135270	0	0	0	0
102	Rv3874	GQWRGAAGTAAQAAVVRFQE	4352394	4352453	0	0	1	1
104	Rv1980c	GTHPTTTYK	2223640	2223666	0	0	0	0
105	Rv3804c	IKFQDAYNAGGGHNGVFDFP	4265759	4265818	0	0	0	0
107	Rv0930	ILLSIARVV	1037656	1037682	0	0	0	0
108	Rv2538c	ILSSLGLPV	2861762	2861788	0	0	0	0
116	Rv3874	ISGDLKTQIDQVESTAGSLQ	4352334	4352393	0	0	0	0
120	Rv1980c	KIFMLVTAVV	2223991	2224020	0	0	1	1
121	Rv3804c	KLIANNTRV	4265909	4265935	0	0	0	0
122	Rv0440	KLQERLAKL	529691	529717	0	0	0	0
124	Rv1886c	KLVANNTRL	2135127	2135153	0	0	0	0
125	Rv0670	KPRDDAAAL	769903	769929	0	0	0	0
127	Rv2031c	LFAAFPSFA	2278846	2278872	0	0	1	1
128	Rv2031c	LFAAFPSFAGLRPTFDTRLM	2278813	2278872	0	0	1	1
129	Rv0440	LLAAGVADPV	530060	530089	0	0	0	0
130	Rv2220	LLAFTNPTV	2488560	2488586	0	0	0	0
132	Rv1980c	LLCCSGVATA	2223961	2223990	0	0	0	0
134	Rv3804c	LLDGLRAQDDFSGWDINTPA	4266359	4266418	0	0	0	0
135	Rv0431	LLFLGVVFL	519151	519177	0	0	0	0
136	Rv0005	LLFRFMRPL	6878	6904	0	0	0	0
137	Rv0005	LLFRFMRPLI	6878	6907	0	0	0	0
138	Rv0350	LLGSFELTGI	421113	421142	0	0	0	0
139	Rv0350	LLLDVTPLSL	420924	420953	0	0	0	0
140	Rv2940c	LLLETSWEAI	3282398	3282427	0	0	0	0
141	Rv0668	LLPLGYPFV	765395	765421	0	0	1	1
142	Rv2780	LLSERVATDL	3087867	3087896	0	0	0	0
144	Rv1908c	LLWQDPVPA	2154780	2154806	0	0	0	0
147	Rv3246c	LMLPGMNGI	3627155	3627181	0	0	0	0
148	Rv0934	LPGTAVVPL	1042637	1042663	0	0	0	0
149	Rv3875	LQNLARTI	4352813	4352836	0	0	0	0
155	Rv2715	MALLRLPLV	3028572	3028598	0	0	0	0
158	Rv3804c	MGRDIKVQFQSGGANSPALY	4266419	4266478	0	0	0	0
159	Rv2940c	MLASTLTDA	3279017	3279043	0	0	0	0
162	Rv0440	MLQDMAILT	529463	529489	0	0	0	0
169	Rv1886c	NFVRSSNLKFQDAYNAAGGH	2134998	2135057	0	0	0	0
172	Rv3812	NLLVTGFDT	4277348	4277374	0	0	0	0
174	Rv3875	NVTSIHSLL	4352669	4352695	0	0	0	0
175	Rv3812	NYIPQQLAL	4278038	4278064	0	0	0	0
177	Rv2031c	PRSLFPEFSELFAAFPSFAG	2278843	2278902	0	0	1	1
182	Rv2220	QLSDVIDRL	2488878	2488904	0	0	0	0
185	Rv3874	QVESTAGSLQGQWRGAAGTA	4352364	4352423	0	0	0	0
186	Rv3874	RADEEQQQAL	4352526	4352555	0	0	0	0
187	Rv2031c	RDGQLTIKAERTEQKDFDGR	2278663	2278722	0	0	0	0
189	Rv2780	RIANGMGATV	3087372	3087401	0	0	1	1
192	Rv2715	RLPLVLPAV	3028584	3028610	0	0	0	0
193	Rv1908c	RLQPQVGWEV	2154591	2154620	0	0	0	0
194	Rv2716	RMFAANLGV	3029661	3029687	0	0	1	1
197	Rv1641	RPKIDDHDY	1852543	1852569	0	0	0	0
200	Rv2182c	RPKVEGLEY	2445246	2445272	0	0	1	1
201	Rv2823c	RPREATIIY	3129905	3129931	0	0	0	0
202	Rv1280c	RPRLDSITY	1432565	1432591	0	0	0	0
203	Rv2476c	RPRYEIFVY	2779884	2779910	0	0	0	0
207	Rv3804c	SGGANSPALYLLDGLRAQDD	4266389	4266448	0	0	0	0
209	Rv2031c	SLFPEFSEL	2278870	2278896	0	0	0	0
210	Rv0350	SLLEIGEGV	420369	420395	0	0	0	0
211	Rv0350	SLLEIGEGVV	420369	420398	0	0	0	0
212	Rv0929	SLYFGGICV	1036909	1036935	0	0	2	2
213	Rv0929	SLYFGGICVI	1036909	1036938	0	0	2	2
214	Rv1886c	SMAGSSAMI	2135346	2135372	0	0	1	1
216	Rv3874	TAAQAAVVRFQEAAN	4352418	4352462	0	0	1	1
217	Rv3875	TATELNNALQNLARTISEAG	4352789	4352848	0	0	0	0
218	Rv3804c	TGPAPQGA	4265645	4265668	0	0	0	0
221	Rv1818c	TIPEALAAV	2062633	2062659	0	0	0	0
223	Rv0934	TLLYPLFNL	1042289	1042315	0	0	0	0
227	Rv1886c	VANNTRLWVYCGNGT	2135103	2135147	0	0	0	0
228	Rv1886c	VANNTRLWVYCGNGTPNELG	2135088	2135147	0	0	0	0
229	Rv1860	VLGRLDQKL	2108231	2108257	0	0	1	1
230	Rv2940c	VLIAFGRFPI	3278300	3278329	0	0	0	0
232	Rv0350	VLLLDVTPL	420921	420947	0	0	0	0
233	Rv2780	VLMGGVPGVE	3087291	3087320	0	0	0	0
235	Rv2878c	VPWQPAFVF	3188972	3188998	0	0	0	0
243	Rv0129c	WPTLIGLAM	156965	156991	0	0	1	1
244	Rv3804c	WQRNDPLLNVGKLIANNTRV	4265909	4265968	0	0	0	0
247	Rv2031c	YEVRAELPGVDPDKDVDIMV	2278723	2278782	0	0	0	0
248	Rv3804c	YHPQQFVYAGAMSGLLDPSQ	4266059	4266118	0	0	0	0
249	Rv2940c	YLDLALMSV	3277652	3277678	0	0	0	0
250	Rv2537c	YLLALRYLA	2861166	2861192	0	0	0	0
251	Rv0934	YLSEGDMAA	1042436	1042462	0	0	1	1
252	Rv3082c	YLSQIAVLL	3447503	3447529	0	0	0	0
253	Rv3082c	YLYVHSPAL	3448091	3448117	0	0	0	0
255	Rv0129c	YTYKWETFL	157166	157192	0	0	1	1
259	Rv2460c	AIYDTMQYV	2762888	2762914	0	0	0	0
262	Rv1490	FLLGLLFFV	1680294	1680320	0	0	1	1
268	Rv3874	QWRGAAGTAA	4352397	4352426	0	0	0	0
270	Rv3875	VTSIHSLLD	4352672	4352698	0	0	0	0
272	Rv3693	ALDEGLLPV	4135764	4135790	0	0	1	1
273	Rv3498c	ALLGGLRPV	3917543	3917569	0	0	0	0
275	Rv1997	GMFANRWII	2242664	2242690	0	0	1	1
277	Rv2780	LLDSGTTSI	3087138	3087164	0	0	0	0
278	Rv3499c	SLIDLLHKI	3918736	3918762	0	0	0	0
279	Rv0593	SLRNWIATL	692318	692344	0	0	0	0
280	Rv2220	SLWKDGAPL	2488452	2488478	0	0	0	0
282	Rv2350c	YLLADTFTV	2629798	2629824	0	0		
283	Rv2813	YLPDPTVGV	3118455	3118481	0	0	0	0
287	Rv0288	AMMARDTAE	352091	352117	0	0	1	1
288	Rv0288	ANTMAMMAR	352079	352105	0	0	1	1
291	Rv0288	MAMMARDTA	352088	352114	0	0	1	1
293	Rv0288	MMARDTAEA	352094	352120	0	0	1	1
297	Rv3087	DLPSRLGKI	3453483	3453509	0	0	0	0
302	Rv3094c	RELPGRVLL	3462791	3462817	0	0	0	0
307	Rv1733c	AAAGTAVQDSRSHVYAHQAQ	1960248	1960307	0	0	1	1
308	Rv1733c	AALGLWLSV	1959963	1959989	0	0	0	0
309	Rv2029c	AGAAMLLTPGTAACNRDDVE	2275495	2275554	0	0	1	1
311	Rv1733c	AILIRVRNA	1959900	1959926	0	0	1	1
316	Rv1733c	DHEGVIDSNTTATSAPPRTK	1960158	1960217	0	0	0	0
324	Rv2029c	GINVARIVHVLGGCSTALFP	2276215	2276274	0	0	0	0
325	Rv1733c	GIWVDSAGQLVDEPAPPARA	1960008	1960067	0	0	2	2
326	Rv1733c	GLWLSVAAV	1959954	1959980	0	0	0	0
328	Rv1733c	HVYAHQAQT	1960245	1960271	0	0	0	0
331	Rv1733c	KPGTKSGDRVGIWVDSAGQL	1960038	1960097	0	0	3	3
332	Rv2029c	KPRIITLTMNPALDITTSVD	2276335	2276394	0	0	1	1
334	Rv1733c	LEAVVMLLAVTVSLLTIPFA	1960308	1960367	0	0	0	0
335	Rv2029c	LGGCSTALFPAGGSTGSLLM	2276185	2276244	0	0	0	0
348	Rv1733c	RNPLVRGTDRLEAVVMLLAV	1960338	1960397	0	0	0	0
350	Rv2031c	RTVSLPVGA	2278609	2278635	0	0	0	0
357	Rv2029c	TEVGQDQYV	2275441	2275467	0	0	0	0
361	Rv1733c	TVSLLTIPFAAAAGTAVQDS	1960278	1960337	0	0	1	1
362	Rv2029c	VGAGDAMVAAITVGLSRGWS	2275585	2275644	0	0	0	0
365	Rv3763	AIGGAATGI	4209275	4209301	0	0	0	0
369	Rv2684	IMILLVLVSA	3000896	3000925	0	0	0	0
370	Rv0787	LILATMLVA	881753	881779	0	0	0	0
371	Rv3875	IQGNVTSIHSLLDEG	4352660	4352704	0	0	0	0
372	Rv3804c	IYHPQQFVYA	4266092	4266121	0	0	0	0
375	Rv1088	RLFNANAEEYHALSA	1214669	1214713	0	0	0	0
376	Rv2487c	SAAIAGLFG	2797218	2797244	0	0	0	0
379	Rv1886c	ANNTRLWVY	2135118	2135144	0	0	0	0
381	Rv2958c	KYIAADRKI	3311647	3311673	0	0	0	0
384	Rv2957	LVYGDVIMR	3309878	3309904	0	0	0	0
385	Rv2957	PYNLRYRVL	3310016	3310042	0	0	0	0
386	Rv0447c	RMWELYLAY	535296	535322	0	0	1	1
387	Rv2957	SIIIPTLNV	3309545	3309571	0	0	0	0
388	Rv1886c	VANNTRLWV	2135121	2135147	0	0	0	0
389	Rv0447c	VLAGSVDEL	536154	536180	0	0	0	0
390	Rv3874	QEAGNFERI	4352310	4352336	0	0	0	0
391	Rv3874	TAGSLQGQW	4352376	4352402	0	0	0	0
392	Rv3804c	DPAWQRNDPLLNVGKLIAN	4265921	4265977	0	0	0	0
400	Rv3343c	TVKSMILHEIL	3733099	3733131	0	0	0	0
401	Rv1886c	WETFLTSELPQWLSA	2135415	2135459	0	0	0	0
402	Rv3763	AAGNVNIAI	4209254	4209280	0	0	0	0
403	Rv1174c	AAMAAQLQA	1305735	1305761	0	0	0	0
406	Rv3763	AATGIAAVL	4209287	4209313	0	0	0	0
407	Rv1174c	AGVASADPV	1305909	1305935	0	0	0	0
408	Rv1174c	ALNATDPGA	1305837	1305863	0	0	0	0
409	Rv1174c	ALSAGVGAV	1305957	1305983	0	0	1	1
410	Rv1174c	AMAAQLQAV	1305732	1305758	0	0	0	0
412	Rv1860	APPAPATPV	2107913	2107939	0	0	0	0
415	Rv1860	APQPVRIDN	2108054	2108080	0	0	1	1
418	Rv1174c	AQSYLRNFL	1305783	1305809	0	0	0	0
422	Rv3763	GAATGIAAV	4209284	4209310	0	0	0	0
423	Rv1174c	GAVAMSLTV	1305939	1305965	0	0	1	1
424	Rv3763	GLGNVNGVT	4209347	4209373	0	0	0	0
426	Rv1174c	GVGAVAMSL	1305945	1305971	0	0	1	1
429	Rv1860	IAPNAPQPV	2108042	2108068	0	0	0	0
431	Rv1860	LAESIRPLV	2108570	2108596	0	0	0	0
433	Rv1860	LVAPPPAPA	2108591	2108617	0	0	1	1
434	Rv1860	MPYPGTRIN	2108327	2108353	0	0	0	0
435	Rv1174c	MSLTVGAGV	1305927	1305953	0	0	0	0
436	Rv1860	NAPPPPVIA	2108021	2108047	0	0	0	0
437	Rv1860	PNAPPPPVI	2108018	2108044	0	0	0	0
439	Rv1860	QPVRIDNPV	2108060	2108086	0	0	1	1
441	Rv1860	RLDQKLYAS	2108240	2108266	0	0	1	1
442	Rv1174c	RLSLTALSA	1305972	1305998	0	0	0	0
443	Rv1860	RPLVAPPPA	2108585	2108611	0	0	0	0
444	Rv1174c	SLTALSAGV	1305966	1305992	0	0	0	0
445	Rv1860	SPAANAPDA	2108468	2108494	0	0	0	0
446	Rv3763	SPVNKSFEI	4209482	4209508	0	0	0	0
448	Rv1860	TTGDPPFPG	2108171	2108197	0	0	1	1
449	Rv1174c	VAMSLTVGA	1305933	1305959	0	0	0	0
452	Rv3763	VTLGYTSGT	4209368	4209394	0	0	0	0
453	Rv1860	WLGTANNPV	2108522	2108548	0	0	0	0
455	Rv1860	YMPYPGTRI	2108324	2108350	0	0	0	0
456	Rv2006	SVNNYQASK	2255404	2255430	0	0	0	0
457	Rv3132c	VSNAVRHAK	3497739	3497765	0	0	0	0
458	Rv0015c	AIIIAVLLV	17686	17712	0	0	1	1
459	Rv0015c	ALAIIIAVL	17692	17718	0	0	1	1
461	Rv3873	AAAAGWQTL	4351150	4351176	0	0	0	0
462	Rv3873	ALAAATPMVV	4351264	4351293	0	0	0	0
463	Rv3873	ALAMEVYQA	4351516	4351542	0	0	0	0
464	Rv3873	ALDAQAVEL	4351183	4351209	0	0	0	0
465	Rv3873	ALTEMDYFI	4351471	4351497	0	0	0	0
466	Rv3873	AMPPELNTA	4351087	4351113	0	0	0	0
467	Rv3873	ELTARLNSL	4351204	4351230	0	0	0	0
468	Rv3873	FIRMWNQAAL	4351492	4351521	0	0	0	0
469	Rv3873	KLEPMASIL	4351570	4351596	0	0	0	0
470	Rv3873	LIEKPVAPSV	4351969	4351998	0	0	0	0
471	Rv3873	LLRAESLPGA	4351903	4351932	0	0	0	0
472	Rv3873	QLPPAATQTL	4351672	4351701	0	0	0	0
473	Rv3873	SLPEIAANHI	4351387	4351416	0	0	0	0
482	Rv1926c	AMNNGMEDL	2178975	2179001	0	0	1	1
485	Rv1926c	TMTDTVGQV	2179287	2179313	0	0	0	0
486	Rv1926c	VLGWKVSDL	2179260	2179286	0	0	0	0
488	Rv2324	ATFAEIGHK	2596394	2596420	0	0	1	1
489	Rv1790	AVAAPAFAEK	2029280	2029309	0	0	0	0
490	Rv3130c	AVARLVAISK	3495023	3495052	0	0	0	0
491	Rv3130c	AVMAGIVRAAK	3495755	3495787	0	0	0	0
494	Rv1169c	MLFSMHGELYK	1299936	1299968	0	0	0	0
495	Rv3478	MTNTLHSMLK	3895197	3895226	0	0	0	0
496	Rv1009	TAMRVTTMK	1128190	1128216	0	0	0	0
498	Rv0867c	TTSNVSVAK	965485	965511	0	0	0	0
499	Rv2380c	TVINASRFK	2664932	2664958	0	0	0	0
500	Rv1349	VSIARALLK	1517054	1517080	0	0	0	0
502	Rv0824c	VVMPVLKK	917944	917967	0	0	0	0
504	Rv0440	VVNKIRGTFK	529388	529417	0	0	0	0
505	Rv3804c	AIYHPQQFVYAGAMS	4266080	4266124	0	0	0	0
511	Rv1626	AEMLREEGY	1828267	1828293	0	0	0	0
513	Rv0634A	EIEVDDDLIQKV	731167	731202	0	0	0	0
517	Rv3792	YIGLPPFY	4238379	4238402	0	0	0	0
520	Rv2629	MLSELGEPV	2956709	2956735	0	0	0	0
521	Rv3006	ALAADPQSL	3365297	3365323	0	0	0	0
523	Rv1293	IAGPGTITL	1448940	1448966	0	0	0	0
524	Rv2940c	LGGLGLFFA	3277373	3277399	0	0	0	0
525	Rv2032	AAAGTTANV	2279351	2279377	0	0	0	0
527	Rv2626c	IYYVDANAS	2952736	2952762	0	0	1	1
528	Rv2627c	LIGLNGLSL	2953933	2953959	0	0	1	1
529	Rv2628	QRPRHSGIR	2955067	2955093	0	0	0	0
530	Rv2627c	SAFRLSPPV	2954686	2954712	0	0	0	0
532	Rv2627c	YAGIADRLV	2953687	2953713	0	0	0	0
533	Rv2628	YAIGEHLSV	2955373	2955399	0	0	0	0
534	Rv2626c	YMREHDIGA	2952889	2952915	0	0	1	1
536	Rv3808c	LAASLLSRV	4272244	4272270	0	0	0	0
537	Rv0343	QIGGLVGGSV	413327	413356	0	0	0	0
538	Rv2590	FTLENGLLT	2919650	2919676	0	0	0	0
539	Rv3757c	LLVQRAPLL	4203162	4203188	0	0	0	0
